[x0, y0, theta_deg, amp, sigma, lambda1, psi, gamma]
Kernel 0 --------------------------------------------------------------------------------
raw fit
	[-0.14, 2.41, -38.68,0.26, 3.99, 20.00, 1.91, 1.20],
	[0.23, 1.84, -38.82,0.69, 2.62, 20.00, -1.29, 1.40],
	None
Kernel 1 --------------------------------------------------------------------------------
raw fit
	[3.11, -1.47, 156.00,-0.11, 0.97, 0.45, -5.00, 0.36],
	None
	[5.00, 1.46, 1.65,0.87, 1.00, 20.00, 4.78, 0.23],
Kernel 2 --------------------------------------------------------------------------------
raw fit
	[0.76, -0.40, 38.23,0.53, 4.00, 10.68, -0.91, 1.22],
	[0.28, 0.28, 37.22,0.28, 4.00, 13.44, 1.80, 1.18],
	[1.01, -0.75, 38.66,0.30, 4.00, 9.27, 2.54, 1.32],
Modified Fit. Amplitude 27.38
	[0.76, -0.40, 38.23,0.53, 2.00, 10.68, -0.91, 1.22],
	[0.28, 0.28, 38.23,0.28, 2.00, 13.44, 1.80, 1.18],
	[1.01, -0.75, 38.23,0.30, 2.00, 9.27, 2.54, 1.32],
Kernel 3 --------------------------------------------------------------------------------
raw fit
	[0.60, -0.53, 82.06,0.38, 2.56, 3.70, -1.21, 0.87],
	[0.64, -2.21, 81.22,0.41, 3.78, 4.18, -5.00, 1.24],
	[2.90, 0.24, -15.14,0.26, 4.00, 1.00, -5.00, 1.40],
Modified Fit. Amplitude 13.83
	[0.60, -0.53, 81.22,0.38, 2.00, 3.70, -1.21, 0.87],
	[0.64, -2.21, 81.22,0.41, 2.00, 4.18, -5.00, 1.24],
	[2.00, 0.24, 81.22,0.26, 2.00, 1.00, -5.00, 1.40],
Kernel 4 --------------------------------------------------------------------------------
raw fit
	[0.26, 0.23, 6.84,0.36, 4.00, 16.55, 1.59, 0.91],
	None
	[0.48, 0.36, 8.36,0.32, 4.00, 15.97, -1.51, 0.93],
Kernel 5 --------------------------------------------------------------------------------
raw fit
	None
	None
	None
Kernel 6 --------------------------------------------------------------------------------
raw fit
	[0.12, -1.38, -39.61,-0.09, 4.00, 7.28, 5.00, 0.95],
	[1.00, 0.10, -43.04,-0.26, 4.00, 7.90, 0.28, 0.95],
	[0.94, -0.01, -44.09,-0.12, 4.00, 7.65, 0.05, 1.00],
Kernel 7 --------------------------------------------------------------------------------
raw fit
	None
	None
	None
Kernel 8 --------------------------------------------------------------------------------
raw fit
	[-2.92, -1.11, 4.14,-0.19, 1.10, 2.10, -3.50, 0.00],
	[-3.09, -3.04, 4.20,-0.17, 1.28, 2.02, -3.63, 0.00],
	[1.11, -0.47, 28.42,0.10, 0.64, 2.22, 1.86, 0.10],
Kernel 9 --------------------------------------------------------------------------------
raw fit
	[0.59, 0.79, 2.02,0.48, 2.65, 2.75, 2.29, 0.86],
	[-0.09, 0.64, -0.72,0.52, 2.98, 1.59, 5.00, 0.98],
	[0.29, 0.49, 1.74,0.36, 3.55, 2.62, 1.61, 1.15],
Kernel 10 --------------------------------------------------------------------------------
raw fit
	[-0.45, -2.35, 72.31,-0.32, 1.84, 5.02, 0.41, 0.65],
	[-0.29, -2.23, 73.32,0.42, 1.90, 5.33, 3.41, 0.64],
	[-0.32, -2.32, 72.23,0.21, 1.64, 4.45, 3.52, 0.61],
Kernel 11 --------------------------------------------------------------------------------
raw fit
	[0.98, 0.68, -38.21,0.32, 3.99, 7.50, 0.45, 1.01],
	[1.55, 0.85, -35.68,0.19, 3.46, 6.88, 1.24, 1.04],
	[0.39, 0.70, -31.62,0.09, 1.24, 3.97, 0.00, 0.49],
Kernel 12 --------------------------------------------------------------------------------
raw fit
	[-2.00, 0.43, 23.42,-0.38, 1.92, 4.26, -3.22, 0.60],
	[-2.03, 0.09, 24.78,-0.52, 2.14, 4.66, -3.14, 0.68],
	[-2.22, 0.81, 23.03,0.31, 1.60, 4.14, -0.61, 0.47],
Modified Fit. Amplitude 23.84
	[-2.00, 0.43, 24.78,-0.38, 1.92, 4.26, -3.22, 0.60],
	[-2.03, 0.09, 24.78,-0.52, 2.00, 4.66, -3.14, 0.68],
	[-2.22, 0.81, 24.78,0.31, 1.60, 4.14, -0.61, 0.47],
Kernel 13 --------------------------------------------------------------------------------
raw fit
	[0.58, 0.76, 104.46,0.29, 2.31, 4.17, -0.73, 0.65],
	[0.50, 0.82, 105.55,0.53, 2.06, 4.74, -0.81, 0.57],
	[0.94, 1.02, -74.48,0.27, 2.21, 4.39, -5.00, 0.57],
Kernel 14 --------------------------------------------------------------------------------
raw fit
	[-1.13, -0.41, 101.84,-0.30, 2.87, 6.40, -5.00, 0.70],
	[-0.77, 0.99, 101.09,-0.31, 2.22, 6.20, -0.41, 0.60],
	[-0.78, -0.09, 99.98,0.09, 1.82, 3.46, -1.53, 0.62],
Kernel 15 --------------------------------------------------------------------------------
raw fit
	None
	None
	None
Kernel 16 --------------------------------------------------------------------------------
raw fit
	[1.08, -0.44, 49.04,0.45, 4.00, 3.72, -0.53, 1.32],
	[0.80, -0.13, 49.54,-0.62, 4.00, 3.84, 1.82, 1.40],
	[1.15, -0.47, 48.58,0.33, 4.00, 3.62, -0.42, 1.33],
Modified Fit. Amplitude 25.26
	[1.08, -0.44, 49.54,0.45, 2.00, 3.72, -0.53, 1.32],
	[0.80, -0.13, 49.54,-0.62, 2.00, 3.84, 1.82, 1.40],
	[1.15, -0.47, 49.54,0.33, 2.00, 3.62, -0.42, 1.33],
Kernel 17 --------------------------------------------------------------------------------
raw fit
	None
	[-2.51, -4.98, 49.98,2.77, 0.19, 12.92, -0.01, 1.01],
	None
Kernel 18 --------------------------------------------------------------------------------
raw fit
	[0.72, 0.33, 26.45,0.43, 2.86, 3.55, 0.18, 1.11],
	[0.55, 0.37, 27.03,0.68, 2.24, 3.89, -0.16, 0.81],
	[0.67, 0.35, 26.98,0.47, 2.07, 3.74, -0.00, 0.75],
Modified Fit. Amplitude 25.93
	[0.72, 0.33, 27.03,0.43, 2.00, 3.55, 0.18, 1.11],
	[0.55, 0.37, 27.03,0.68, 2.00, 3.89, -0.16, 0.81],
	[0.67, 0.35, 27.03,0.47, 2.00, 3.74, -0.00, 0.75],
Kernel 19 --------------------------------------------------------------------------------
raw fit
	None
	None
	None
Kernel 20 --------------------------------------------------------------------------------
raw fit
	[0.48, 0.84, -28.21,0.59, 3.36, 20.00, -1.47, 1.19],
	[0.48, 0.67, -27.59,0.60, 4.00, 20.00, 1.68, 1.19],
	[0.08, -0.26, -24.80,0.18, 4.00, 20.00, -1.59, 0.93],
Modified Fit. Amplitude 29.93
	[0.48, 0.84, -27.59,0.59, 2.00, 20.00, -1.47, 1.19],
	[0.48, 0.67, -27.59,0.60, 2.00, 20.00, 1.68, 1.19],
	[0.08, -0.26, -27.59,0.18, 2.00, 20.00, -1.59, 0.93],
Kernel 21 --------------------------------------------------------------------------------
raw fit
	None
	None
	None
Kernel 22 --------------------------------------------------------------------------------
raw fit
	[0.71, 1.93, 89.23,0.41, 1.21, 3.37, -0.59, 0.41],
	[0.45, -0.12, 89.47,-0.32, 3.30, 4.79, -0.87, 0.90],
	[0.95, -4.27, 90.03,0.17, 4.00, 4.77, -5.00, 0.83],
Kernel 23 --------------------------------------------------------------------------------
raw fit
	[0.60, 0.62, 7.52,0.08, 3.76, 6.67, -0.05, 0.82],
	[0.43, 0.32, 8.48,0.21, 3.61, 7.78, -0.19, 0.92],
	[0.67, 0.22, 7.69,0.14, 3.69, 7.31, 0.19, 0.80],
Modified Fit. Amplitude 17.24
	[0.60, 0.62, 8.48,0.08, 2.00, 6.67, -0.05, 0.82],
	[0.43, 0.32, 8.48,0.21, 2.00, 7.78, -0.19, 0.92],
	[0.67, 0.22, 8.48,0.14, 2.00, 7.31, 0.19, 0.80],
Kernel 24 --------------------------------------------------------------------------------
raw fit
	[-0.09, -0.08, -5.92,-0.39, 2.08, 3.63, -0.43, 0.66],
	[-0.05, -0.11, -6.67,-0.63, 1.70, 4.12, -0.38, 0.54],
	[-0.37, -0.04, -5.54,-0.36, 1.84, 3.69, -0.99, 0.57],
Kernel 25 --------------------------------------------------------------------------------
raw fit
	[-0.51, 1.07, 20.31,0.76, 2.18, 0.93, -5.00, 1.14],
	[-1.58, 1.33, 88.69,1.03, 1.93, 2.81, -2.43, 0.98],
	[-1.57, 1.51, 88.45,0.64, 2.30, 2.69, -2.90, 1.18],
Kernel 26 --------------------------------------------------------------------------------
raw fit
	[-1.57, -0.31, 115.73,1.23, 1.30, 20.00, -1.56, 0.52],
	[-1.34, -0.54, -61.31,-0.30, 1.34, 5.82, -2.01, 0.70],
	None
Kernel 27 --------------------------------------------------------------------------------
raw fit
	[0.40, 0.58, -1.12,0.45, 2.83, 3.00, -0.76, 0.94],
	[0.55, 0.57, -1.21,0.55, 2.85, 3.04, -0.43, 0.98],
	[0.08, 0.53, -1.34,0.39, 2.57, 2.96, -1.44, 0.83],
Kernel 28 --------------------------------------------------------------------------------
raw fit
	[2.17, -0.09, 5.12,0.25, 4.00, 4.48, -5.00, 0.99],
	[-0.69, 0.00, 5.40,0.48, 2.12, 4.61, -2.72, 0.58],
	[-0.22, -0.24, 5.48,-0.20, 2.43, 3.93, -5.00, 0.62],
Kernel 29 --------------------------------------------------------------------------------
raw fit
	[-3.37, -0.04, -5.33,0.35, 4.00, 8.56, -1.46, 0.85],
	[-2.32, 0.40, -6.62,-0.06, 3.25, 5.22, -3.02, 0.93],
	[-1.24, -0.47, -4.59,-0.26, 1.01, 20.00, -1.48, 0.17],
Kernel 30 --------------------------------------------------------------------------------
raw fit
	[-0.52, 0.14, -8.04,0.45, 2.20, 4.83, -0.31, 0.54],
	[-0.20, 0.42, -8.79,0.41, 2.25, 4.39, 0.26, 0.64],
	[-0.60, 0.69, -8.30,0.14, 3.57, 3.51, -0.45, 0.99],
Kernel 31 --------------------------------------------------------------------------------
raw fit
	None
	None
	None
Kernel 32 --------------------------------------------------------------------------------
raw fit
	[-1.44, 0.37, -16.53,0.07, 2.50, 4.26, -2.40, 0.79],
	[0.24, 0.06, -16.53,-0.22, 4.00, 7.98, -5.00, 0.93],
	[0.05, 0.29, -17.92,-0.13, 4.00, 6.84, -5.00, 0.93],
Kernel 33 --------------------------------------------------------------------------------
raw fit
	[1.94, 1.05, -19.96,0.52, 2.08, 3.12, 5.00, 0.66],
	[2.11, 1.23, -21.11,-0.72, 1.91, 3.32, 2.32, 0.61],
	[1.92, 1.07, -19.39,0.44, 2.11, 3.02, 5.00, 0.63],
Kernel 34 --------------------------------------------------------------------------------
raw fit
	[1.66, 0.57, 9.18,0.50, 1.53, 4.07, 3.54, 0.48],
	[1.47, 0.60, 9.59,0.59, 1.60, 4.00, 3.19, 0.54],
	[1.32, 0.73, 9.94,0.28, 2.05, 3.33, 2.82, 0.73],
Kernel 35 --------------------------------------------------------------------------------
raw fit
	None
	None
	None
Kernel 36 --------------------------------------------------------------------------------
raw fit
	None
	[0.28, -3.25, 174.73,0.08, 2.01, 1.01, 5.00, 0.00],
	None
Kernel 37 --------------------------------------------------------------------------------
raw fit
	None
	None
	None
Kernel 38 --------------------------------------------------------------------------------
raw fit
	[0.64, -1.12, -42.66,0.24, 4.00, 20.00, -1.63, 0.71],
	[-1.53, 1.15, -42.58,0.06, 4.00, 15.33, 1.52, 0.22],
	[0.46, -1.15, -40.57,0.30, 4.00, 17.30, 1.47, 0.81],
Kernel 39 --------------------------------------------------------------------------------
raw fit
	[-2.44, -1.21, 180.00,1.05, 0.26, 5.30, -0.69, 0.11],
	None
	None
Kernel 40 --------------------------------------------------------------------------------
raw fit
	None
	[-5.00, -0.85, 89.15,-0.08, 1.55, 0.17, 5.00, 0.20],
	None
Kernel 41 --------------------------------------------------------------------------------
raw fit
	[-0.83, -0.05, -36.51,-0.37, 3.88, 3.76, 5.00, 1.40],
	[0.90, 1.03, -35.88,-0.73, 2.48, 4.02, 2.16, 0.95],
	[0.72, 0.97, -35.80,0.40, 2.67, 3.73, 5.00, 1.04],
Kernel 42 --------------------------------------------------------------------------------
raw fit
	[0.62, 1.45, 72.07,0.37, 4.00, 12.67, 1.28, 1.32],
	[0.66, 1.01, 76.84,0.30, 4.00, 15.64, -1.74, 1.29],
	[0.39, 1.79, 61.36,0.25, 4.00, 9.89, -2.06, 1.35],
Modified Fit. Amplitude 20.16
	[0.62, 1.45, 72.07,0.37, 2.00, 12.67, 1.28, 1.32],
	[0.66, 1.01, 72.07,0.30, 2.00, 15.64, -1.74, 1.29],
	[0.39, 1.79, 72.07,0.25, 2.00, 9.89, -2.06, 1.35],
Kernel 43 --------------------------------------------------------------------------------
raw fit
	[0.25, -3.32, -79.79,0.07, 4.00, 9.53, -1.68, 0.94],
	[-0.22, -3.21, -76.16,0.09, 4.00, 8.84, -1.72, 0.93],
	[0.19, -2.70, -77.08,0.17, 4.00, 9.92, -1.32, 0.68],
Kernel 44 --------------------------------------------------------------------------------
raw fit
	[1.22, 1.94, 61.70,0.21, 2.39, 6.79, -2.02, 0.79],
	[0.65, 2.50, 56.87,0.41, 4.00, 14.29, -1.81, 1.16],
	[1.17, 1.82, 56.44,0.53, 2.80, 20.00, 1.54, 0.73],
Modified Fit. Amplitude 28.00
	[1.22, 1.94, 56.44,0.21, 2.00, 6.79, -2.02, 0.79],
	[0.65, 2.00, 56.44,0.41, 2.00, 14.29, -1.81, 1.16],
	[1.17, 1.82, 56.44,0.53, 2.00, 20.00, 1.54, 0.73],
Kernel 45 --------------------------------------------------------------------------------
raw fit
	None
	[-1.03, 1.05, 15.59,1.59, 1.13, 20.00, -1.39, 1.40],
	[-0.59, 1.72, 72.34,1.47, 1.45, 18.21, -1.37, 1.40],
Kernel 46 --------------------------------------------------------------------------------
raw fit
	None
	None
	None
Kernel 47 --------------------------------------------------------------------------------
raw fit
	None
	None
	None
Kernel 48 --------------------------------------------------------------------------------
raw fit
	[0.17, 2.94, 76.36,0.53, 1.79, 4.50, -2.75, 0.49],
	[0.52, 3.35, 77.75,0.42, 1.88, 3.74, -3.35, 0.59],
	[0.77, 2.66, 76.12,-0.18, 2.09, 3.12, -5.00, 0.67],
Kernel 49 --------------------------------------------------------------------------------
raw fit
	[-1.56, -1.38, -52.40,0.63, 4.00, 8.42, 0.26, 1.40],
	None
	[-1.40, -1.28, -52.91,0.62, 4.00, 8.63, -2.75, 1.40],
Kernel 50 --------------------------------------------------------------------------------
raw fit
	[0.28, -0.06, 36.64,-0.26, 4.00, 7.80, 0.64, 0.82],
	[-0.32, -0.03, 37.20,-0.23, 3.56, 7.63, 0.01, 0.87],
	[0.24, 0.07, 33.54,-0.07, 1.37, 4.21, 0.89, 0.53],
Kernel 51 --------------------------------------------------------------------------------
raw fit
	None
	None
	None
Kernel 52 --------------------------------------------------------------------------------
raw fit
	None
	None
	None
Kernel 53 --------------------------------------------------------------------------------
raw fit
	None
	[4.33, -4.25, -2.98,0.05, 1.20, 3.67, 0.39, 0.00],
	None
Kernel 54 --------------------------------------------------------------------------------
raw fit
	[0.09, 0.21, 20.64,0.53, 3.34, 0.95, -3.80, 1.40],
	[-0.05, 0.24, 88.28,0.63, 2.44, 1.57, -3.41, 0.74],
	[0.24, 0.13, 93.71,0.43, 2.27, 2.63, -4.23, 0.68],
Kernel 55 --------------------------------------------------------------------------------
raw fit
	[3.68, -3.54, 12.88,0.33, 4.00, 1.09, -5.00, 1.40],
	[-0.63, -1.50, -62.61,0.53, 1.94, 4.42, -3.31, 0.51],
	[-0.95, -1.90, 57.47,0.25, 3.17, 0.48, -5.00, 1.35],
Kernel 56 --------------------------------------------------------------------------------
raw fit
	[-0.99, -0.50, -26.82,0.23, 4.00, 20.00, -1.75, 0.62],
	[-0.41, -2.81, -26.04,0.13, 4.00, 20.00, -1.86, 0.57],
	[-1.17, -1.59, -24.56,0.16, 4.00, 20.00, 1.28, 0.50],
Modified Fit. Amplitude 17.34
	[-0.99, -0.50, -26.82,0.23, 2.00, 20.00, -1.75, 0.62],
	[-0.41, -2.81, -26.82,0.13, 2.00, 20.00, -1.86, 0.57],
	[-1.17, -1.59, -26.82,0.16, 2.00, 20.00, 1.28, 0.50],
Kernel 57 --------------------------------------------------------------------------------
raw fit
	[0.26, -0.42, 61.84,0.28, 1.79, 4.80, 1.04, 0.59],
	[0.08, 0.02, 61.71,0.40, 2.29, 5.33, 0.19, 0.69],
	[-0.09, 0.09, 62.64,0.33, 2.16, 5.76, 0.04, 0.62],
Modified Fit. Amplitude 31.28
	[0.26, -0.42, 61.71,0.28, 1.79, 4.80, 1.04, 0.59],
	[0.08, 0.02, 61.71,0.40, 2.00, 5.33, 0.19, 0.69],
	[-0.09, 0.09, 61.71,0.33, 2.00, 5.76, 0.04, 0.62],
Kernel 58 --------------------------------------------------------------------------------
raw fit
	None
	None
	None
Kernel 59 --------------------------------------------------------------------------------
raw fit
	[1.12, 0.21, 71.75,0.39, 4.00, 18.18, 1.59, 1.02],
	None
	[1.32, -0.09, 75.93,0.20, 4.00, 20.00, -1.51, 0.91],
Kernel 60 --------------------------------------------------------------------------------
raw fit
	[-1.81, -1.79, 59.91,0.12, 2.59, 2.65, 3.61, 0.00],
	[1.45, 1.04, 58.74,-1.53, 0.55, 14.37, -1.54, 0.16],
	[0.73, -0.53, -60.61,0.26, 2.58, 2.77, 0.39, 0.86],
Kernel 61 --------------------------------------------------------------------------------
raw fit
	[0.44, 4.27, 95.64,0.30, 1.75, 5.59, -1.87, 0.37],
	[-0.07, 4.41, 95.57,0.36, 1.59, 6.01, -1.89, 0.31],
	[-0.91, 4.03, -85.04,-0.14, 2.91, 4.20, 4.15, 0.73],
Kernel 62 --------------------------------------------------------------------------------
raw fit
	None
	None
	None
Kernel 63 --------------------------------------------------------------------------------
raw fit
	[-0.79, 2.40, 75.54,-6.93, 0.27, 13.28, 1.57, 0.08],
	[-0.63, 2.42, -58.13,0.76, 2.16, 3.06, 1.28, 0.83],
	[-0.76, 2.38, -58.52,0.61, 2.13, 2.96, 1.04, 0.81],
Number of fitted kernels 11
